(1, 9)	 0.34567901234567905
(2, 8)	 0.5057471264367817
(1, 19, 20)	 0.2097902097902098
(3,)	 0.31578947368421056
(0, 3)	 0.13559322033898305
(0, 6)	 0.16438356164383564
(6, 17, 26)	 0.16058394160583941
(1, 6, 11)	 0.2857142857142857
(5, 13)	 0.2459016393442623
(2, 5, 10, 19)	 0.21656050955414008
(0, 2)	 0.39285714285714285
(2,)	 0.15094339622641512
(1, 4, 8, 20)	 0.109375
(1, 4, 5)	 0.25862068965517243
(3, 8)	 0.2666666666666666
(2,)	 0.2631578947368421
(0, 6)	 0.14285714285714285
(0,)	 0.4927536231884059
(2, 3)	 0.3018867924528302
(0, 7)	 0.45238095238095244
(14,)	 0.19672131147540986
(0, 13, 18)	 0.2702702702702703
(7, 16)	 0.5333333333333333
(2,)	 0.15625
(0, 1)	 0.24489795918367344
(0, 4)	 0.40860215053763443
(2, 8)	 0.1836734693877551
(0,)	 0.38596491228070173
(20, 22)	 0.3508771929824562
(1, 17, 19)	 0.3368421052631579
(0, 2, 4)	 0.36986301369863017
(0, 11, 21, 49)	 0.3442622950819672
(0, 1, 2)	 0.07547169811320754
(2, 9)	 0.6111111111111113
(1, 2)	 0.35443037974683544
(0, 3)	 0.3466666666666666
(1, 5, 8)	 0.19512195121951217
(3, 13)	 0.15873015873015875
(0, 2, 15)	 0.3697478991596639
(12, 14, 15)	 0.14814814814814814
(2, 4, 30)	 0.18018018018018017
(9,)	 0.17777777777777776
(1, 7)	 0.3013698630136986
(0, 5)	 0.37499999999999994
(1, 13)	 0.2595419847328244
(3,)	 0.16901408450704225
(7, 18)	 0.4444444444444445
(2, 4)	 0.30769230769230765
(0, 2, 9)	 0.43835616438356173
(2, 22)	 0.3956043956043956
(2, 6, 8)	 0.3333333333333333
(0, 1, 2, 5)	 0.23076923076923078
(5, 25)	 0.17699115044247787
(0, 13)	 0.22916666666666669
(4,)	 0.10810810810810811
(0, 12)	 0.21621621621621623
(17, 20)	 0.3364485981308411
(5, 25)	 0.17699115044247787
(0, 3)	 0.17777777777777776
(1, 20)	 0.21686746987951805
(33,)	 0.14814814814814814
(10, 15, 24)	 0.12307692307692308
(0, 10)	 0.30303030303030304
(0, 6, 16)	 0.1118881118881119
(0, 6)	 0.18181818181818182
(0, 3, 10, 15)	 0.1680672268907563
(0, 2)	 0.4680851063829787
(8, 12, 18, 24)	 0.4313725490196078
(2, 4)	 0.33333333333333337
(0, 12, 22)	 0.22429906542056072
(3, 5, 8)	 0.15652173913043477
(0, 4)	 0.2647058823529412
(19,)	 0.36363636363636365
(4, 5)	 0.12612612612612614
(0,)	 0.2727272727272727
(12,)	 0.12121212121212122
(2, 3, 4)	 0.15384615384615385
(0, 1, 3)	 0.36065573770491804
(0, 1)	 0.3209876543209877
(0, 1)	 0.2686567164179105
(2,)	 0.18518518518518517
(0, 2, 3)	 0.336283185840708
(0,)	 0.37142857142857144
(3,)	 0.411764705882353
(3, 5, 10)	 0.1325301204819277
(0, 1, 2, 3)	 0.27906976744186046
(3, 4, 9)	 0.10769230769230768
(1, 3)	 0.18181818181818182
(1, 4)	 0.07407407407407407
(2, 3, 6)	 0.22598870056497178
(0,)	 0.2857142857142857
(0, 4)	 0.49612403100775193
(39,)	 0.34375000000000006
(12,)	 0.26415094339622647
(0, 2, 3)	 0.2173913043478261
(1, 3, 7)	 0.2222222222222222
(4, 5, 15, 25)	 0.16438356164383564
(0, 4)	 0.425
(0, 1, 16)	 0.1111111111111111
(0, 1, 9)	 0.21153846153846154
